2.5010659313932857
20.0
20.0
20.0
20.0
20.0
20.0
20.0
20.0
20.0
20.0
20.0
20.0
20.0
20.0
20.0
20.0
20.0
20.0
20.0
20.0
2.9629291656488066
2.9629291656488066
4.763276500154063
4.763276500154063
2.6516537990538964
3.818313645251928
3.818313645251928
4.697346735917894
4.697346735917894
5.308264411806152
3.856147833663377
2.8407013228370506
2.8407013228370506
3.19160012519314
3.318658724869247
5.112868672452445
5.112868672452445
3.618172069376625
5.569581621104226
5.569581621104226
5.569581621104226
5.569581621104226
5.569581621104226
6.301649335886287
4.622209517649536
4.622209517649536
4.622209517649536
5.2426918621879475
5.2426918621879475
3.604670112519267
3.604670112519267
3.8880914431391154
3.8880914431391154
3.8880914431391154
5.708810467085122
3.6712192031140902
2.618960202001899
2.618960202001899
2.618960202001899
6.1120541653481215
7.292606361765872
7.292606361765872
7.292606361765872
4.928847641152217
4.509496410267792
4.509496410267792
4.765296859218637
2.2208978989488735
2.3669365222923604
1.1876591184058751
1.885853946294012
1.885853946294012
1.4579803085169991
2.240799409137739
2.240799409137739
2.240799409137739
2.240799409137739
3.0528545999175654
3.8013882957909497
0.9321631805727192
0.9321631805727192
0.9321631805727192
2.717565780217723
2.717565780217723
3.0342178872869154
2.680131514718863
3.1760539180661502
3.1760539180661502
3.1760539180661502
1.9871999419548514
2.3573272676757413
2.3573272676757413
2.362194997760048
3.5058439854091703
3.5058439854091703
0.9163562669855011
0.9163562669855011
0.9163562669855011
0.9163562669855011
2.120010492660055
2.120010492660055
2.120010492660055
1.8789424635157168
2.48701434913058
2.48701434913058
2.60647352495374
2.60647352495374
2.60647352495374
2.3912351791577615
2.3912351791577615
4.352352125539082
4.352352125539082
3.5043627854518324
3.5043627854518324
3.5043627854518324
3.036490463904658
2.8092353313279728
2.8092353313279728
2.8092353313279728
2.8092353313279728
2.8430019951430214
1.6157270940464195
1.6157270940464195
1.491293822720606
4.163326736850467
3.3959154306116623
2.4680418935394446
4.330804033048966
3.4427857905438612
3.4427857905438612
3.4427857905438612
2.3675892949344237
2.3675892949344237
3.581815127266586
2.2130287253303584
2.2130287253303584
2.2130287253303584
2.229353949094156
2.7861655387054296
1.315114789873834
1.315114789873834
1.366262224075703
1.7501432843757292
2.6108718647065388
1.283091088371636
1.283091088371636
0.762729148748396
0.762729148748396
1.4880458658929716
1.4880458658929716
3.773669356866901
2.7468909287911516
1.6816174535303614
2.0956668458106176
2.3261788492148185
1.0197210841309978
1.0197210841309978
2.7992518567094553
2.7992518567094553
1.2531013835169724
0.9722296567571976
2.989877514871363
2.989877514871363
2.610281827508935
1.6787567198210405
1.1700977231042
1.1700977231042
1.666073307451228
2.6475924081347215
2.6475924081347215
3.6072041106000143
3.6072041106000143
3.1128333997759148
2.359792481334586
2.4200733698184806
2.7748167188867288
2.474852135110698
2.474852135110698
2.99456719847805
2.99456719847805
2.7836234474475043
1.793016876069146
2.0313276364391455
3.609474493838135
2.870960008440412
2.870960008440412
2.870960008440412
2.263568532868775
2.7506015578355276
2.667510026495748
1.6367781704376465
1.6367781704376465
1.6367781704376465
3.699850231853041
3.699850231853041
3.699850231853041
3.699850231853041
3.2766732743720137
3.2766732743720137
3.2766732743720137
1.0744642121926498
2.694951493293507
3.523759264332921
2.4468407654346414
3.4301094708078335
1.5279491304736192
3.5324133590098077
3.5324133590098077
1.1658215484189032
3.631629703092338
3.631629703092338
3.0570780029736078
2.516549208449737
2.516549208449737
2.516549208449737
2.748664459377061
2.1963250190963906
2.1963250190963906
3.3264860385141093
3.3264860385141093
6.288187302645142
2.9777376063447294
2.9777376063447294
2.9777376063447294
1.9734998700073692
1.9734998700073692
2.8707350825332267
2.8707350825332267
5.162598193860434
2.8600926155311557
4.857048782296782
2.1670849196555597
2.922088022480638
2.922088022480638
2.922088022480638
3.342850555882272
3.342850555882272
2.270810662211844
2.932530958095416
2.932530958095416
2.277036839759267
2.277036839759267
2.277036839759267
1.9678343152436402
1.9678343152436402
1.630789578817596
1.630789578817596
1.630789578817596
1.806355010644598
4.129172358559021
4.129172358559021
4.129172358559021
3.040483486499544
3.967436851144388
3.967436851144388
2.280087076512857
2.280087076512857
4.8159258447933455
2.4935573040792076
2.4935573040792076
2.4935573040792076
3.199305857514529
3.199305857514529
3.199305857514529
2.1875926779158257
1.28289358023202
1.28289358023202
1.28289358023202
1.8557640548638303
1.8557640548638303
1.8557640548638303
1.8557640548638303
2.6431630061839453
3.0187227887802224
2.4742751228318847
1.939406769718704
1.6833149983525892
1.6833149983525892
1.84714184890755
2.499860468427099
2.499860468427099
2.499860468427099
2.499860468427099
1.7585743211041447
1.7585743211041447
1.901585062166975
1.901585062166975
1.6316614900009183
1.6078566130201484
1.6078566130201484
2.4143381991484385
1.1979720125853086
5.410904238619367
5.410904238619367
5.410904238619367
5.410904238619367
2.5479825454160587
3.8904023532383785
3.8904023532383785
3.412717976014652
4.554900309463102
4.554900309463102
1.7885093450043505
1.7885093450043505
0.928638808330468
3.470749926517966
3.517886170486044
3.517886170486044
4.169716575560622
1.77594931452059
1.77594931452059
3.00346912880414
3.00346912880414
3.0586044157929346
3.0586044157929346
2.30513247889683
1.6456653682505629
1.6456653682505629
1.6456653682505629
1.6456653682505629
1.6456653682505629
3.551525729549054
6.454458768458037
4.995248571797955
4.995248571797955
1.9711611411039158
1.9711611411039158
1.9711611411039158
2.9653016680541837
2.9653016680541837
5.030078726742893
2.319536749248585
3.04207497095195
4.362367777263435
4.362367777263435
2.0741668315493595
4.938580366823743
0.8904248083657174
3.467713082453591
3.467713082453591
3.467713082453591
3.3599240685551317
3.3599240685551317
2.0686621956789137
2.0686621956789137
2.218048365281537
2.218048365281537
2.218048365281537
1.267901524620449
2.0720402052840092
0.9211234598399715
0.9211234598399715
0.9211234598399715
2.8221456911689873
1.6067084021801439
2.159597801983798
2.159597801983798
2.159597801983798
2.159597801983798
2.159597801983798
2.159597801983798
3.143101243122042
5.3760754733642475
5.3760754733642475
5.056968701564616
5.056968701564616
1.6957526937765253
1.6957526937765253
5.094916896666929
2.3245010733588245
2.3245010733588245
2.8134168323512214
1.7019623040103984
4.563376861352893
4.563376861352893
4.563376861352893
4.563376861352893
2.2821420837177304
5.694374615262092
5.694374615262092
5.694374615262092
3.462366112870988
3.2405473418354442
2.0967174130903596
3.6326276859365816
3.6326276859365816
2.7616821135397127
2.7616821135397127
2.979905805024589
2.979905805024589
2.6579042368514147
2.6579042368514147
2.6579042368514147
4.771190880371968
4.771190880371968
4.771190880371968
2.2697277664855586
2.2697277664855586
4.4162128293104965
4.081559580893666
4.935994700532528
4.935994700532528
4.935994700532528
3.5541785619995556
0.9699514597731078
0.9699514597731078
3.371613787943197
3.371613787943197
2.42334839506889
2.42334839506889
2.0939345869296986
3.024295220655758
3.024295220655758
5.324959993449137
2.2411443580855814
2.6828026264433835
3.6756289234340933
3.5431415637165617
3.5431415637165617
1.0090670095136354
4.427348614004057
4.427348614004057
2.2019029074205965
2.2019029074205965
2.2019029074205965
2.8293013635419535
2.9897424696462225
2.9897424696462225
2.561697410974874
2.561697410974874
2.561697410974874
3.260013494111648
1.6655674268596605
3.1129066620708437
1.2687080489974971
4.696735357462111
3.6976804840557436
3.6976804840557436
3.6976804840557436
2.685702228794184
2.685702228794184
2.685702228794184
2.214874315086855
1.4112841815818233
1.4112841815818233
1.4112841815818233
2.0010359635914057
2.7677884580268346
2.7677884580268346
4.109020076656319
4.192462443255942
1.8670162655678
3.0446453079384166
3.0446453079384166
3.0446453079384166
3.971683636294182
4.538235389355932
2.9920258164324722
2.9920258164324722
2.9920258164324722
2.9920258164324722
3.264111232396246
1.5409780661628445
3.8165482618954374
3.8165482618954374
1.6532671731122073
1.6532671731122073
3.289843475210245
2.243127616898738
2.243127616898738
1.4757572326786268
4.013021721853945
4.013021721853945
4.013021721853945
4.013021721853945
5.2410830912009425
1.520010090337927
1.520010090337927
1.520010090337927
2.6194850536363754
2.6194850536363754
2.6194850536363754
1.6209889933347161
1.6209889933347161
6.2279204662252035
1.473856615805421
1.8470553195173884
2.0415368813224615
3.5801535863834637
3.6500065047053734
1.7000851084616586
1.7000851084616586
1.7000851084616586
1.846142004720022
1.5214530444628809
2.1432432064082176
3.3835231888885975
3.3835231888885975
1.7704961265033483
3.115102151459185
2.138956900446551
2.138956900446551
2.138956900446551
2.138956900446551
2.808407499289787
2.808407499289787
1.5357810729268795
4.743086937379328
4.743086937379328
4.743086937379328
4.743086937379328
1.5859458572348264
2.0772460022929957
2.0772460022929957
3.7473357234729114
3.7473357234729114
2.9414599506114465
3.7154350776398872
2.542120371216791
2.542120371216791
2.060643460760391
1.7263253843877386
1.7263253843877386
1.7263253843877386
1.7263253843877386
1.7263253843877386
4.025022783268977
4.025022783268977
1.585641150245904
1.585641150245904
2.943521296574364
1.6891406970743033
1.6891406970743033
1.6618248159799978
5.2846765994781695
5.2846765994781695
5.2846765994781695
2.713594264874336
4.1599651930014305
1.0556513037811672
4.399839907120503
4.399839907120503
2.6351371990815786
2.6287075203811723
2.089731548137773
2.089731548137773
2.089731548137773
2.089731548137773
2.1860235404276707
2.3177256934230326
2.3177256934230326
2.6635643841309187
1.565971990027882
3.120367412123859
2.7245611942321943
2.7245611942321943
2.7245611942321943
3.1704259720935513
3.1704259720935513
1.0780026118293917
2.190085376863602
2.6978514517851715
2.6978514517851715
2.599523267115715
0.8197254868153941
2.4889090418261968
2.4889090418261968
4.120571064943129
4.219143572605894
1.8420913982224019
1.8420913982224019
1.8420913982224019
1.7825067240021069
1.7825067240021069
2.846203310265443
2.846203310265443
2.0065969008460782
2.0065969008460782
3.705492465332242
1.6460017106639153
1.3811310506318355
2.6373348344653267
2.6373348344653267
2.6373348344653267
2.6373348344653267
2.9253112153202085
2.9253112153202085
3.083642682824885
3.083642682824885
2.2245509011166185
1.5986762065275975
1.5986762065275975
1.3764829085143018
2.931465635507933
2.8798456898416944
3.124330922553221
5.240337637817517
5.240337637817517
5.240337637817517
2.6493681408419603
6.528433560456544
1.6018457792144445
1.6018457792144445
1.6018457792144445
3.0417888928292904
3.0417888928292904
3.1340466453609395
1.269923576881627
3.156557205932797
3.156557205932797
4.649969142356917
4.649969142356917
4.649969142356917
3.7186256081667692
3.261745366112148
1.953551961271019
1.953551961271019
2.8491190896865475
2.8491190896865475
2.8491190896865475
2.5800685969208406
3.852658774732804
4.07662277900966
2.9982468197275325
2.9982468197275325
1.869282729542036
1.869282729542036
1.0139778775253936
1.0139778775253936
1.0139778775253936
2.3963815411608085
2.3963815411608085
1.1919230608828708
1.1919230608828708
2.126061410366092
1.4183934736701762
1.4183934736701762
3.269837819918824
3.269837819918824
2.013118480265352
2.013118480265352
1.1886267408679092
1.1886267408679092
2.5695551098425917
3.9180865056467162
4.716120098278374
4.014224943018243
1.8650115117759318
2.934804884721905
2.934804884721905
7.2027327451115255
4.258837531269413
4.258837531269413
4.374956736902134
4.374956736902134
1.0679078013938983
1.7548302430072922
1.7548302430072922
1.7548302430072922
3.104867192420578
3.2097028268283365
3.2097028268283365
1.1838555539032398
2.6574289736867422
2.6574289736867422
2.6574289736867422
2.6574289736867422
2.6597249246555403
2.6597249246555403
5.225163347790519
2.000458760559134
2.000458760559134
2.0665630306496645
2.0665630306496645
1.2583473699034826
1.2583473699034826
1.2583473699034826
2.2841345914536437
3.844944268906255
2.569486243605967
2.3721283604858248
2.3721283604858248
1.8056573308548391
1.7135288109414573
1.7135288109414573
1.7135288109414573
2.3282558150143826
1.767352363342249
3.41102468346233
3.41102468346233
3.41102468346233
3.41102468346233
3.41102468346233
1.855590933354215
1.855590933354215
0.7712020405049971
0.7712020405049971
0.7712020405049971
2.6360556652371057
2.6360556652371057
2.6360556652371057
2.1454577610609857
1.9929700740415977
2.601614719325526
2.958663992499718
2.958663992499718
2.958663992499718
1.718885803071904
1.718885803071904
2.830000347389791
1.6392752259035754
1.6392752259035754
1.6392752259035754
1.6392752259035754
1.6392752259035754
1.6084966346678242
4.275727519940624
1.848289782670457
2.6869679160266724
2.2661576618715897
2.365533285743627
3.2612970677567277
4.103203782953561
4.103203782953561
1.9722798982258285
1.2346530862997147
1.2346530862997147
1.2346530862997147
4.804549336816883
4.804549336816883
1.9493605277960038
2.9000016150614005
2.9000016150614005
4.1231282895944625
1.0169067452126412
1.0169067452126412
1.0169067452126412
3.3785894627353685
3.512699959542796
3.512699959542796
2.1589472712839775
2.99492789540475
2.78266616854952
2.056350214377655
2.056350214377655
3.364172668821519
3.496284119792121
3.496284119792121
2.9955796238673273
2.6731968583343115
1.7922001634660603
1.7922001634660603
1.7922001634660603
2.2793769194600673
2.2793769194600673
2.3809781808517374
2.3809781808517374
3.5230230843485626
4.33168348600963
3.7849061288028194
3.7849061288028194
3.7849061288028194
4.103632400004962
3.5938962770221345
3.495787002549212
3.495787002549212
3.10298971476525
3.0850428038824997
3.0850428038824997
3.0850428038824997
1.9978471251380665
1.9978471251380665
1.9978471251380665
2.9203271845279177
1.7300186491577194
1.7300186491577194
1.8271996295155868
1.8242741994245408
2.951142929974279
2.8129207428441525
2.8129207428441525
2.8129207428441525
1.4418442136344432
2.4719943618779694
2.4719943618779694
2.4719943618779694
2.4719943618779694
3.1215743810854657
5.868042649335335
5.212932228727376
1.142251265837091
1.142251265837091
3.132873477280091
3.124439282000382
3.124439282000382
2.3770807361537605
2.3770807361537605
2.3770807361537605
1.4273419418911577
1.4273419418911577
1.4273419418911577
1.2437103280128896
2.155922899374684
2.155922899374684
2.155922899374684
2.155922899374684
5.135366743386776
5.135366743386776
5.135366743386776
2.1462000706344555
2.1462000706344555
2.5849937987976084
2.5849937987976084
3.0808175599129317
2.33283517336221
3.194476654213161
3.194476654213161
2.049189342623313
2.2975820639441347
2.2975820639441347
2.2975820639441347
1.6918897698368773
1.6918897698368773
1.764467758808485
2.0912069203331374
2.0912069203331374
2.0912069203331374
3.3535306988413764
3.3535306988413764
4.336688550015595
4.336688550015595
2.073866457846585
2.366038118642008
2.435156401964151
2.435156401964151
2.435156401964151
1.925339834407339
1.925339834407339
2.2539662160177234
4.034539924993204
1.2229938248673458
1.2229938248673458
2.278782845871928
2.278782845871928
2.4700545703507384
1.9584976824137308
1.9584976824137308
1.9584976824137308
2.931439082732549
2.765924237725778
2.765924237725778
2.176301314660997
2.176301314660997
2.176301314660997
4.704812080109825
1.6450428641349586
4.2161856027037095
2.7423210597460193
3.4356853248962267
3.4356853248962267
3.4356853248962267
1.4545968388456378
2.412256299967602
3.0496066402388844
2.782537309473646
0.8665723020424471
0.8665723020424471
2.3881673147790847
1.1477270474985892
1.1477270474985892
3.8974842826080898
3.8974842826080898
1.476207736047313
1.476207736047313
1.1476200906997025
1.9675270363545905
1.9675270363545905
5.232384617944968
5.232384617944968
5.232384617944968
2.4609113333491686
2.4609113333491686
1.982782944822084
1.6585166304458794
6.446922895407394
6.446922895407394
6.446922895407394
1.5576660486663914
1.5305395324989306
3.632079684823645
3.564079193883875
3.564079193883875
3.159221200715305
3.159221200715305
2.5605774910475243
1.0698519465793657
1.0698519465793657
3.9328342858809675
3.9328342858809675
3.9328342858809675
3.9328342858809675
3.058429557731073
3.058429557731073
3.058429557731073
3.058429557731073
3.058429557731073
2.4602017914635956
2.4602017914635956
6.912396979892048
3.0242105821229774
3.0242105821229774
3.0242105821229774
3.0242105821229774
1.7318643350783587
3.9122511063503533
2.5748155497672527
2.5748155497672527
2.1377967590881424
2.1377967590881424
0.6168659764397284
0.6168659764397284
0.6168659764397284
0.6168659764397284
0.6168659764397284
3.020192876276921
3.020192876276921
3.020192876276921
3.080919868129638
2.001750785124772
2.001750785124772
3.10858517825926
3.10858517825926
3.867491564953092
3.2040889030227593
3.2040889030227593
3.5192379788404144
3.5192379788404144
3.5192379788404144
3.5192379788404144
4.222447723621249
2.1332071255935556
2.1332071255935556
1.920851442669121
4.444611952045303
4.444611952045303
4.444611952045303
2.8592566337292826
2.8592566337292826
2.8592566337292826
3.102278516628742
3.101786944420356
2.0938923865298698
3.4148316708815347
2.036181856610947
2.036181856610947
3.4660016336533213
3.4660016336533213
3.4660016336533213
3.4660016336533213
2.1554205298172406
2.1554205298172406
1.5017342098583726
2.78237275421727
2.78237275421727
2.78237275421727
2.78237275421727
2.78237275421727
3.2605482370691323
3.2605482370691323
2.4009292168476195
2.24665788265608
4.5170329045766975
4.5170329045766975
3.2243758018693613
3.2243758018693613
3.2243758018693613
4.974319869905091
4.974319869905091
5.494051951683048
5.494051951683048
4.9996286449499125
4.9996286449499125
4.9996286449499125
1.4891934960656117
3.3144214079197174
1.9352275125642107
1.29032741463927
1.29032741463927
1.7819596433521743
6.146871669126365
5.697311376557583
5.697311376557583
2.241217573406147
2.207351886230966
2.207351886230966
4.168749047283585
4.168749047283585
2.7952679824678293
2.7952679824678293
